
[      [ 17, 350],
       [ 18, 362],
       [ 24, 354],
       [ 26, 366],
       [ 27, 375],
       [ 35, 345],
       [ 35, 345],
       [ 38, 364],
       [ 40, 390],
       [ 41, 373],
       [ 43, 357],
       [ 44, 434],
       [ 51, 347],
       [ 71, 358],
       [ 75, 361],
       [ 79, 383],
       [ 81, 354],
       [ 94, 466],
       [117, 498],
       [125, 410],
       [131, 772],
       [132, 788],
       [138, 724],
       [139, 402],
       [140, 784],
       [142, 797],
       [142, 815],
       [143, 667],
       [145, 247],
       [145, 758],
       [147, 349],
       [147, 769],
       [147, 661],
       [152, 521],
       [154, 406],
       [155, 790],
       [156, 806],
       [156, 549],
       [157, 424],
       [158, 772],
       [158, 772],
       [158, 538],
       [160, 758],
       [161, 832],
       [164, 699],
       [164, 828],
       [166, 681],
       [166, 817],
       [166, 153],
       [166, 153],
       [167, 378],
       [167, 830],
       [169, 557],
       [173, 782],
       [173, 782],
       [174, 579],
       [177, 495],
       [177, 515],
       [180, 702],
       [180, 391],
       [183, 716],
       [184, 783],
       [188, 846],
       [188, 770],
       [189, 564],
       [190, 740],
       [191, 618],
       [191, 618],
       [193, 455],
       [193, 622],
       [193, 622],
       [194,  42],
       [196, 661],
       [196, 140],
       [198, 842],
       [198, 695],
       [199, 155],
       [199, 155],
       [199, 485],
       [200,  37],
       [201, 695],
       [201, 788],
       [202, 501],
       [202, 329],
       [204, 851],
       [205, 841],
       [205, 437],
       [207, 686],
       [207, 686],
       [208, 662],
       [208,  35],
       [209, 695],
       [209, 477],
       [209, 755],
       [210, 711],
       [212, 660],
       [213, 854],
       [214, 784],
       [214, 784],
       [215, 709],
       [216, 439],
       [216, 476],
       [217, 844],
       [219, 136],
       [219, 767],
       [219, 460],
       [221, 668],
       [223, 422],
       [224, 680],
       [224, 464],
       [224, 795],
       [226, 852],
       [226, 719],
       [227,  79],
       [227,  79],
       [227, 430],
       [228, 421],
       [228, 787],
       [228, 839],
       [229, 438],
       [229, 775],
       [231, 325],
       [231, 457],
       [232, 838],
       [232, 826],
       [234, 370],
       [235, 131],
       [237, 114],
       [238, 846],
       [241, 791],
       [241, 844],
       [242, 808],
       [245, 776],
       [247, 125],
       [255, 272],
       [255, 717],
       [258, 380],
       [260, 804],
       [260,  28],
       [261, 324],
       [261,  37],
       [263, 423],
       [268, 284],
       [269, 333],
       [270,  57],
       [271, 425],
       [275, 316],
       [275, 395],
       [279, 100],
       [279, 718],
       [280, 430],
       [282, 126],
       [283, 342],
       [284, 388],
       [285, 117],
       [286, 702],
       [288, 304],
       [290, 111],
       [291, 345],
       [291, 374],
       [292, 746],
       [293, 695],
       [293, 713],
       [294, 124],
       [294, 319],
       [294, 443],
       [296, 394],
       [296, 742],
       [297, 352],
       [297, 336],
       [301, 344],
       [301, 421],
       [301, 293],
       [302, 353],
       [303, 741],
       [305, 332],
       [305, 110],
       [305, 431],
       [306, 308],
       [306, 394],
       [307, 321],
       [308, 384],
       [310, 404],
       [310, 743],
       [311, 750],
       [314, 344],
       [314, 297],
       [321, 225],
       [323, 755],
       [323, 122],
       [323, 302],
       [327, 745],
       [328, 303],
       [328, 291],
       [328, 432],
       [330, 710],
       [331, 362],
       [333, 408],
       [334, 482],
       [334, 754],
       [335, 344],
       [336, 414],
       [337, 430],
       [343, 400],
       [346, 705],
       [348, 135],
       [348, 294],
       [349, 348],
       [351, 360],
       [351, 360],
       [352, 390],
       [358, 304],
       [361, 289],
       [361, 289],
       [361, 339],
       [362, 699],
       [362, 699],
       [364, 327],
       [365, 382],
       [365, 402],
       [365, 738],
       [367, 698],
       [367, 698],
       [368, 317],
       [368, 743],
       [370, 391],
       [370, 349],
       [371, 760],
       [371, 308],
       [374, 703],
       [374, 818],
       [374, 818],
       [375, 375],
       [377, 132],
       [380, 820],
       [382, 747],
       [384, 355],
       [385, 443],
       [387,  59],
       [387, 751],
       [387,  65],
       [391, 845],
       [391, 311],
       [391, 844],
       [391, 816],
       [393, 326],
       [395, 832],
       [396, 349],
       [397, 423],
       [397, 322],
       [403, 136],
       [403, 422],
       [405, 323],
       [405,  66],
       [405,  56],
       [406, 779],
       [406, 827],
       [409, 841],
       [410, 303],
       [410, 770],
       [414, 815],
       [416,  48],
       [417,  69],
       [420,  56],
       [421, 439],
       [425, 396],
       [425, 813],
       [426,  47],
       [431, 456],
       [431, 456],
       [434,  97],
       [434,  97],
       [434,  59],
       [439,  60],
       [439,  60],
       [439, 382],
       [440, 333],
       [440, 797],
       [445,  53],
       [445, 753],
       [448, 278],
       [449, 311],
       [452, 291],
       [452, 291],
       [455, 506],
       [457,  55],
       [457, 517],
       [457, 517],
       [461, 281],
       [461, 281],
       [463,  61],
       [463, 496],
       [463, 797],
       [463, 797],
       [465, 755],
       [468, 681],
       [469,  72],
       [470, 187],
       [472, 789],
       [476, 742],
       [476,  79],
       [477, 529],
       [478, 255],
       [478, 802],
       [481,  65],
       [482, 749],
       [482, 717],
       [483, 573],
       [484,  85],
       [487, 502],
       [488,  81],
       [488, 102],
       [491, 400],
       [492, 522],
       [492, 435],
       [494, 419],
       [495, 731],
       [497, 749],
       [501, 478],
       [507, 413],
       [508, 784],
       [512, 418],
       [515, 798],
       [517, 769],
       [524, 482],
       [527, 799],
       [528, 790],
       [529, 518],
       [529, 488],
       [530, 418],
       [547, 483],
       [549, 478],
       [551, 448],
       [565, 501],
       [586, 444],
       [593, 520],
       [602, 561],
       [612, 558],
       [618, 543],
       [619, 552]]
