
[
       [ 17, 347],
       [ 17, 360],
       [ 23, 353],
       [ 28, 365],
       [ 29, 374],
       [ 35, 343],
       [ 35, 343],
       [ 40, 362],
       [ 43, 389],
       [ 44, 372],
       [ 45, 355],
       [ 47, 433],
       [ 52, 346],
       [ 73, 357],
       [ 77, 360],
       [ 81, 382],
       [ 82, 353],
       [ 98, 467],
       [120, 499],
       [128, 409],
       [145, 778],
       [146, 794],
       [152, 728],
       [139, 402],
       [155, 789],
       [157, 803],
       [154, 821],
       [141, 672],
       [157, 242],
       [163, 761],
       [155, 347],
       [164, 775],
       [148, 664],
       [156, 522],
       [157, 407],
       [171, 796],
       [171, 812],
       [158, 553],
       [159, 423],
       [176, 777],
       [176, 777],
       [160, 539],
       [177, 762],
       [170, 836],
       [172, 704],
       [177, 833],
       [169, 685],
       [181, 823],
       [175, 149],
       [175, 149],
       [176, 377],
       [181, 835],
       [174, 561],
       [189, 786],
       [189, 786],
       [180, 579],
       [182, 495],
       [181, 516],
       [199, 705],
       [190, 391],
       [203, 719],
       [204, 788],
       [200, 851],
       [209, 774],
       [198, 564],
       [211, 743],
       [200, 622],
       [200, 622],
       [196, 454],
       [200, 622],
       [200, 622],
       [206,  38],
       [205, 664],
       [206, 137],
       [212, 847],
       [211, 697],
       [210, 152],
       [210, 152],
       [204, 486],
       [212,  33],
       [216, 697],
       [220, 791],
       [209, 502],
       [219, 328],
       [217, 855],
       [220, 845],
       [209, 437],
       [218, 687],
       [218, 687],
       [216, 665],
       [220,  31],
       [224, 698],
       [215, 477],
       [231, 758],
       [231, 714],
       [220, 662],
       [225, 858],
       [236, 787],
       [236, 787],
       [231, 714],
       [220, 440],
       [221, 475],
       [233, 847],
       [232, 132],
       [241, 770],
       [224, 460],
       [230, 670],
       [224, 422],
       [235, 682],
       [227, 466],
       [246, 799],
       [240, 856],
       [247, 721],
       [235,  77],
       [235,  77],
       [229, 430],
       [229, 421],
       [249, 789],
       [246, 842],
       [231, 438],
       [252, 777],
       [248, 325],
       [235, 458],
       [250, 841],
       [252, 830],
       [249, 370],
       [247, 128],
       [249, 111],
       [256, 848],
       [264, 793],
       [256, 848],
       [262, 810],
       [268, 778],
       [259, 124],
       [274, 271],
       [273, 719],
       [272, 380],
       [280, 807],
       [267,  25],
       [278, 323],
       [272,  35],
       [269, 423],
       [286, 284],
       [286, 332],
       [281,  55],
       [278, 425],
       [292, 315],
       [289, 395],
       [291,  99],
       [291, 719],
       [288, 430],
       [291, 125],
       [303, 342],
       [304, 388],
       [296, 116],
       [296, 702],
       [305, 304],
       [301, 110],
       [312, 345],
       [311, 374],
       [304, 748],
       [303, 696],
       [303, 713],
       [305, 123],
       [314, 319],
       [303, 443],
       [315, 394],
       [307, 743],
       [318, 352],
       [317, 336],
       [323, 344],
       [312, 421],
       [320, 293],
       [324, 352],
       [311, 744],
       [326, 332],
       [316, 110],
       [313, 432],
       [325, 307],
       [327, 394],
       [326, 320],
       [329, 384],
       [329, 404],
       [317, 744],
       [316, 750],
       [336, 344],
       [333, 297],
       [323, 224],
       [326, 755],
       [330, 122],
       [342, 302],
       [332, 746],
       [346, 303],
       [346, 291],
       [337, 432],
       [342, 710],
       [351, 363],
       [352, 408],
       [334, 482],
       [339, 754],
       [357, 344],
       [354, 414],
       [345, 429],
       [362, 400],
       [353, 705],
       [361, 135],
       [365, 294],
       [370, 347],
       [372, 360],
       [372, 360],
       [371, 389],
       [374, 304],
       [379, 289],
       [379, 289],
       [381, 339],
       [373, 698],
       [373, 698],
       [383, 326],
       [385, 382],
       [383, 402],
       [374, 734],
       [373, 698],
       [373, 698],
       [386, 317],
       [378, 742],
       [389, 391],
       [390, 349],
       [382, 759],
       [389, 308],
       [382, 702],
       [385, 816],
       [385, 816],
       [394, 375],
       [385, 132],
       [392, 819],
       [394, 745],
       [403, 355],
       [392, 443],
       [396,  59],
       [399, 749],
       [396,  67],
       [405, 841],
       [406, 311],
       [405, 841],
       [406, 813],
       [409, 326],
       [412, 829],
       [413, 349],
       [397, 423],
       [413, 324],
       [413, 138],
       [407, 423],
       [420, 324],
       [415,  68],
       [415,  59],
       [421, 776],
       [422, 825],
       [424, 838],
       [425, 303],
       [426, 767],
       [432, 813],
       [425,  51],
       [427,  72],
       [430,  59],
       [421, 439],
       [435, 396],
       [443, 810],
       [433,  50],
       [434, 456],
       [434, 456],
       [440, 100],
       [440, 100],
       [446,  63],
       [446,  63],
       [446,  63],
       [450, 382],
       [453, 334],
       [458, 794],
       [454,  57],
       [459, 750],
       [462, 279],
       [462, 312],
       [465, 293],
       [465, 293],
       [458, 504],
       [465,  59],
       [459, 515],
       [459, 515],
       [475, 283],
       [475, 283],
       [470,  65],
       [466, 495],
       [481, 792],
       [481, 792],
       [480, 750],
       [472, 679],
       [477,  77],
       [476, 189],
       [489, 785],
       [486, 738],
       [484,  84],
       [476, 528],
       [489, 258],
       [494, 798],
       [488,  68],
       [492, 745],
       [488, 714],
       [487, 571],
       [489,  89],
       [490, 501],
       [494,  85],
       [493, 110],
       [495, 400],
       [489, 520],
       [496, 435],
       [496, 420],
       [498, 728],
       [506, 744],
       [505, 478],
       [505, 413],
       [521, 778],
       [512, 418],
       [527, 793],
       [525, 765],
       [528, 481],
       [538, 793],
       [538, 783],
       [532, 516],
       [533, 487],
       [529, 418],
       [551, 482],
       [547, 478],
       [554, 448],
       [569, 499],
       [584, 445],
       [593, 518],
       [600, 559],
       [609, 555],
       [616, 541],
       [615, 549]]
